36914.72911834717,
5995.218276977539,
6422.44029045105,
6167.555809020996,
7302.437305450439,
6132.134199142456,
5877.086400985718,
6583.6241245269775,
7280.6549072265625,
7413.856744766235,
7579.239130020142,
7875.750780105591,
7132.214069366455,
7785.484790802002,
8074.725151062012,
8540.783405303955,
8521.318674087524,
7713.523149490356,
5862.391471862793,
5997.072458267212,
6048.668622970581,
5870.869398117065,
5971.457004547119,
6238.512754440308,
5939.680099487305,
6016.860485076904,
5893.809080123901,
6235.101222991943,
6139.786005020142,
7171.051502227783,
6293.037891387939,
6024.367809295654,
6255.811452865601,
6042.834520339966,
6373.222351074219,
